0.2485786994482304
0.4676336490609454
0.5267409873521333
0.45480798565657343
0.5709438857803242
0.23350659157757958
0.9333605141080805
0.9150744148048033
0.30723097122880083
0.5384427267344606
0.5335203577412388
0.566139131154522
0.37849174911001404
0.5517259084250419
0.42260156523718323
0.519070885109201
0.34115474400977563
0.32291563013434665
0.3181759103523323
0.35049116203772956
0.5176620727034792
0.4461549224331038
0.540152651269149
0.45840978013205336
0.5396771541132399
0.37469192338114726
0.710491250929043
0.7526868286263477
0.11293862209052677
0.16501526737751127
-0.02640448192272543
0.16260339334405247
0.5430425354112517
0.5961316203518497
0.29323984632331845
0.3056588094121755
0.7429967552905514
0.63585121132458
0.6308595730761212
0.429268388813278
0.38650280141579557
0.6331353408751047
0.4008829675093261
0.3572532194363034
-0.08390761064666832
0.6527166593671627
0.3459200808201538
0.4969536180359792
0.45471493424653114
0.37897080219290186
0.472852743517507
0.2727417005104772
0.06483951563675486
0.6268391077568028
0.2385942706132933
0.44923743618506573
-0.06814249279042281
0.5030545821280141
0.49134859927803565
0.4484440252624409
0.6500893400953824
-0.14688075746485937
0.4640307177621391
-0.1816117483073782
0.5460833629049255
0.43118603540949735
0.5948810398896072
0.5315603603526434
0.60599872297815
0.6759215860380252
0.8139268832508971
0.9309679628090939
0.837823611840302
0.31596072324932645
0.6724989492420713
-0.11517594367014738
0.8189825355436102
0.4691741901244008
1.1009624534101454
0.5649733652780189
0.6229398581009519
0.5462313065240716
0.8044131735254605
0.5505101243870081
0.351226795569891
0.12875152297384618
0.500458470482064
0.949620467328165
0.8540854624154037
0.5120294466642696
0.9752810954015503
0.5921885414889041
0.27372656659591277
0.20374976327495586
0.6051685143239108
0.2685016609090978
0.4242481881247089
0.49222693531218636
0.2391181255920528
0.5737199085801323
0.25686878881003083
0.3195999742081229
0.5037582725419332
0.5327355400156444
0.3746540938339178
0.4261730615658749
0.557315903312846
0.5630102078219918
-0.1221212748130737
0.4272596608156315
0.4858722549011768
0.5423299288916511
0.6705119938112539
0.3947374976447305
0.3591191917774964
0.33252162125262635
0.9259416662886879
0.5401936028275882
0.4650331545251043
-0.14696345011505718
0.7719209622977632
0.3945119102925918
0.27025907741591215
0.5413061330829549
0.4576241705247938
0.5056333725641872
0.43162143375918827
0.26687241092693
0.4650150807135949
0.28742775518184027
0.45045548733346613
0.31612170860929834
0.506770036945312
0.6485857563542194
0.5105060169584031
0.2852221191974087
0.4213214224181291
0.7712196935952121
0.474417329624918
0.275388311755967
0.6577502746784775
0.6407143787658041
0.5069075401283352
0.36891759426253634
0.25014525024796075
0.11839911789808222
0.31509617850056515
